6.249999999999998890e-01 1.306713789912085702e-04 2.937419527434913377e-04 5.876769085408017033e-04 8.816118643381120690e-04 1.141617082071112428e-03
7.874506561842955499e-01 6.242177414409861528e-05 3.849744836682857650e-04 6.987028862042062027e-04 1.012431288740126695e-03 1.378583993349448335e-03
9.921256574801246009e-01 2.283624921320007530e-04 4.227419109190166187e-04 7.221679377053374363e-04 1.021593964491658308e-03 1.434843239357149001e-03
1.249999999999999778e+00 2.622322383613383094e-04 4.449271169947501686e-04 6.467632786048216819e-04 8.485994402148931953e-04 1.184482721126169135e-03
1.574901312368591100e+00 2.562865214424068778e-04 5.854258749045542810e-04 1.172848544192636039e-03 1.760271213480717797e-03 3.043786018749613121e-03
1.984251314960249202e+00 3.180588608549418791e-04 1.096545073546287751e-03 2.264371833408988788e-03 3.432198593271689607e-03 5.037317284706946743e-03
2.500000000000000000e+00 4.460711191840893339e-04 9.425201858828202803e-04 1.430439207933440360e-03 1.918358229984060441e-03 3.037701660416761065e-03
3.149802624737183088e+00 6.925538507129588937e-04 1.275816321449273595e-03 1.931220756307978903e-03 2.586625191166684427e-03 3.950972066608851758e-03
3.968502629920498848e+00 9.196353224563847545e-04 1.154056947406389543e-03 3.341739508666369263e-03 5.529422069926348549e-03 1.738618528380606043e-02
5.000000000000000000e+00 6.125475251845329764e-04 6.838804830878904284e-04 4.341733738221810468e-03 7.999586993355730508e-03 1.919400780173164886e-02
6.299605249474366175e+00 6.091970949606303034e-04 1.160791412010049768e-03 4.934057279266547760e-03 8.707323146523046620e-03 2.259334749301526030e-02
7.937005259840997695e+00 1.027516897707201563e-03 3.095061757585505259e-03 7.786047049121004072e-03 1.247703234065650202e-02 2.264214626640218692e-02
1.000000000000000000e+01 1.414233923234722162e-03 4.649571797378264891e-03 9.113461699300301477e-03 1.357735160122233720e-02 2.040182410263729693e-02
1.259921049894873235e+01 1.241471925708077751e-03 3.668002467003101189e-03 7.444065951263326500e-03 1.122012943552355181e-02 2.283191743511296667e-02
1.587401051968199717e+01 8.660697201571254666e-04 1.414751287832532447e-03 2.312182213256954062e-03 3.209613138681375460e-03 4.398290547915181120e-03
2.000000000000000000e+01 1.313566730340372767e-03 2.779657341431889320e-03 4.336969140265084684e-03 5.894280939098280048e-03 7.552530097902058863e-03
2.519842099789746825e+01 8.604307029891080337e-04 1.731113268265624828e-03 3.222997567904830815e-03 4.714881867544037236e-03 9.735832524051298703e-03
3.174802103936399433e+01 4.813998552049653600e-04 8.028179521976633228e-04 1.060876452793259794e-03 1.318934953388856265e-03 2.085060138987285348e-03
4.000000000000000711e+01 6.226336185988381013e-04 7.554896387725596168e-04 1.106156850134983743e-03 1.456824061497407870e-03 3.609190488364613474e-03
5.039684199579493651e+01 3.843057894058400648e-03 6.529066121793434749e-03 7.058792736252952199e-03 7.588519350712469649e-03 8.387208130262269884e-03
6.349604207872798867e+01 3.159744155259357158e-04 3.399411109187674062e-04 4.736435204830992656e-04 6.073459300474311250e-04 1.449118247763291545e-03
8.000000000000001421e+01 2.328252872516922754e-04 3.104523342648360948e-04 3.739766371858154891e-04 4.375009401067948833e-04 6.594325229564416578e-04
1.007936839915898730e+02 5.198053542471298138e-04 6.592773244135396483e-04 7.933646039704145498e-04 9.274518835272894512e-04 1.238013516879602101e-03
