6.249999999999998890e-01 1.599732499725614165e-04 3.174505460906477364e-04 5.441422852929970804e-04 7.708340244953464787e-04 1.027142683853013915e-03
7.874506561842955499e-01 1.962663631302127832e-04 4.048581318733261345e-04 6.496086597512826634e-04 8.943591876292391381e-04 1.694083024171892009e-03
9.921256574801246009e-01 3.943369403631316150e-04 6.662378931388596073e-04 1.024169736083134887e-03 1.382101579027410166e-03 2.642431383877165071e-03
1.249999999999999778e+00 1.935930240066088305e-03 3.211091249201866726e-03 4.369173458622449546e-03 5.527255668043032366e-03 9.151752838040899674e-03
1.574901312368591100e+00 6.249851402721323364e-04 1.231581903160638113e-03 1.636179541322715794e-03 2.040777179484793476e-03 3.168476918601682499e-03
1.984251314960249202e+00 1.330303876117451556e-04 3.220887187135228289e-04 4.495432386697881450e-04 5.769977586260534612e-04 8.529863101038626409e-04
2.500000000000000000e+00 1.255943545085624294e-04 2.629404265762137240e-04 4.189183968752732082e-04 5.748963671743326925e-04 1.041496403839786309e-03
3.149802624737183088e+00 2.487625567790949710e-04 4.045856485758509064e-04 7.232482212457297562e-04 1.041910793915608660e-03 2.334558225080309024e-03
3.968502629920498848e+00 1.274610214952758198e-04 6.912290704162011006e-04 1.089665528039719450e-03 1.488101985663237798e-03 3.012213373472732904e-03
5.000000000000000000e+00 3.769241970177262960e-04 1.109076167175559709e-03 1.656078516704109467e-03 2.203080866232659009e-03 3.862610209704354838e-03
6.299605249474366175e+00 2.418489672845608722e-04 3.602296512226074113e-04 4.732428255093486702e-04 5.862559997960899291e-04 8.631154208435503489e-04
7.937005259840997695e+00 1.144171219263109655e-04 1.532993307105794969e-04 2.008371598096908594e-04 2.483749889088022219e-04 5.094649554013137805e-04
1.000000000000000000e+01 1.490050866051554615e-04 2.182699134456868946e-04 2.727702534153780161e-04 3.272705933850691648e-04 4.644316457028276448e-04
1.259921049894873235e+01 2.290922332755684530e-04 2.990749964383953674e-04 4.544026632842531146e-04 6.097303301301109160e-04 1.230701372349342609e-03
1.587401051968199717e+01 1.294524027800004128e-04 2.545286689553675672e-04 2.890663828598949783e-04 3.236040967644223895e-04 5.353666551739832188e-04
2.000000000000000000e+01 1.060300325633663638e-04 7.607216480442601913e-04 8.727565195180481865e-04 9.847913909918361818e-04 1.184688368863434952e-03
2.519842099789746825e+01 9.324241164964924952e-05 5.879664993450416490e-04 6.365097420848908789e-04 6.850529848247401089e-04 7.237808468210108143e-04
3.174802103936399433e+01 9.149608672178468044e-05 1.812623455856637780e-04 2.212501021757961011e-04 2.612378587659284243e-04 5.637890114169229411e-04
4.000000000000000711e+01 6.747183135903695600e-05 2.353697161289201368e-04 3.127963464993367151e-04 3.902229768697532933e-04 7.971704816701667912e-04
5.039684199579493651e+01 6.470174625639550777e-05 1.141260850618376361e-03 1.304893335204729537e-03 1.468525819791082713e-03 1.571807706934150910e-03
6.349604207872798867e+01 5.172048615170047930e-05 1.455068336814405313e-04 1.753261720606455790e-04 2.051455104398506267e-04 6.870494289209067278e-04
8.000000000000001421e+01 4.521274279409375721e-05 1.815459925091907165e-04 2.086656452394581045e-04 2.357852979697254924e-04 5.073979729734676711e-04
1.007936839915898730e+02 4.774128485713216108e-05 1.156445305158136042e-03 1.378429729830973893e-03 1.600414154503811744e-03 1.880068706433106387e-03
