6.249999999999998890e-01 6.487626191580434052e-04 6.937614321198617984e-04 7.465344601831358246e-04 7.993074882464098509e-04 8.388241892965832410e-04
7.874506561842955499e-01 7.314075650167924667e-04 7.761621155939190395e-04 8.513970225936698215e-04 9.266319295934206035e-04 9.851896260990157615e-04
9.921256574801246009e-01 7.974468773094732727e-04 8.371335373903322080e-04 9.228480409200510775e-04 1.008562544449769947e-03 1.090690975963641346e-03
1.249999999999999778e+00 8.834684358888527820e-04 9.795167608247059080e-04 1.101118384006247695e-03 1.222720007187789483e-03 1.304804530643285075e-03
1.574901312368591100e+00 1.296499932615939122e-03 1.560881494588524723e-03 2.058268305339907688e-03 2.555655116091290653e-03 2.739350595684717470e-03
1.984251314960249202e+00 2.163141227925398542e-03 2.787731672258884734e-03 3.620064304647621894e-03 4.452396937036359054e-03 4.684889703683393046e-03
2.500000000000000000e+00 9.684124939552914754e-04 1.488389573951044795e-03 2.005245980440415170e-03 2.522102386929785545e-03 2.760739888021601467e-03
3.149802624737183088e+00 2.922931867700038697e-04 3.250299915132702586e-04 4.694593947261046455e-04 6.138887979389390324e-04 6.765847533352301740e-04
3.968502629920498848e+00 2.975515780057824081e-04 3.769824513171108433e-04 6.403941849686110334e-04 9.038059186201112235e-04 9.881159277079307884e-04
5.000000000000000000e+00 4.291003453641823698e-04 6.532162943330442400e-04 1.379958225996057294e-03 2.106700157659070240e-03 2.367349693809113823e-03
6.299605249474366175e+00 4.585033418701095573e-04 5.792721475066872367e-04 1.278229710508465081e-03 1.977187273510243141e-03 2.599117938905495633e-03
7.937005259840997695e+00 5.778460451027954371e-04 7.325033345357041684e-04 1.301246246093216812e-03 1.869989157650729563e-03 2.113071032299887811e-03
1.000000000000000000e+01 6.869803393426743071e-04 7.549905738463999570e-04 1.068670132276487586e-03 1.382349690706575216e-03 1.532181958315229986e-03
1.259921049894873235e+01 6.235925062366048975e-04 6.992726183261551657e-04 1.032844219556785723e-03 1.366415820787416279e-03 1.572295016516661982e-03
1.587401051968199717e+01 3.676305000463072877e-04 3.642797821438463935e-04 4.814305314481351502e-04 5.985812807524239611e-04 7.523217573426454335e-04
2.000000000000000000e+01 1.028775125296236496e-03 1.035384676222802884e-03 1.082619061757816902e-03 1.129853447292830920e-03 1.191161676820986235e-03
2.519842099789746825e+01 3.800832840064054426e-04 4.568844147633424981e-04 5.474314738701665465e-04 6.379785329769905406e-04 6.354078595336174005e-04
3.174802103936399433e+01 2.244862177466432583e-04 2.295400071228466388e-04 2.393603517043216570e-04 2.491806962857966482e-04 2.592408683604888664e-04
4.000000000000000711e+01 9.757909927521526809e-05 1.021652297794864623e-04 1.102228508719481787e-04 1.182804719644098951e-04 1.268963604394814429e-04
5.039684199579493651e+01 1.469531979730624369e-04 1.541873742262519489e-04 1.607115879277329058e-04 1.672358016292138628e-04 1.683213434481823593e-04
6.349604207872798867e+01 1.084991406602048845e-04 1.105290694881854271e-04 1.223529717898865681e-04 1.341768740915876956e-04 1.470763734304757230e-04
8.000000000000001421e+01 1.803464954489403488e-04 1.876039677705326563e-04 2.149204841548242324e-04 2.422370005391158085e-04 2.747612861746019132e-04
1.007936839915898730e+02 4.815949145959889607e-04 5.127533976484202833e-04 5.786392290179040747e-04 6.445250603873878660e-04 7.262199648840364464e-04
