6.249999999999998890e-01 1.042249795309437124e-04 3.061977533388699868e-04 5.317560837160877551e-04 7.573144140933054692e-04 1.103959298113572299e-03
7.874506561842955499e-01 1.334973770092000083e-04 3.629663951966104023e-04 6.033816216301845581e-04 8.437968480637587140e-04 1.694083024171892009e-03
9.921256574801246009e-01 1.660148658879672572e-04 5.148969283246306386e-04 8.903201742221142747e-04 1.265743420119597911e-03 2.642431383877165071e-03
1.249999999999999778e+00 7.163495465378421322e-04 1.976238184743829996e-03 3.368131564001309100e-03 4.760024943258788638e-03 9.151752838040899674e-03
1.574901312368591100e+00 2.047730316690754288e-04 6.206217767756058799e-04 1.145273862876152945e-03 1.669925948976700011e-03 3.168476918601682499e-03
1.984251314960249202e+00 5.468032024793046064e-05 9.121550632542997443e-05 2.635548235180124000e-04 4.358941407105947985e-04 8.529863101038626409e-04
2.500000000000000000e+00 4.035058238532217609e-05 4.501213518671588862e-05 2.242463808088911690e-04 4.034806264310664223e-04 1.041496403839786309e-03
3.149802624737183088e+00 6.976198363099367112e-05 6.043478398799973427e-05 3.857049915650907833e-04 7.109751991421818865e-04 2.334558225080309024e-03
3.968502629920498848e+00 1.274610214952758198e-04 1.643223982385169819e-04 6.101345041371628117e-04 1.055946610035808642e-03 3.012213373472732904e-03
5.000000000000000000e+00 3.769241970177262960e-04 5.458043461884437911e-04 1.090797131596909705e-03 1.635789917005375620e-03 3.862610209704354838e-03
6.299605249474366175e+00 1.137832491864227894e-04 1.946560654603794141e-04 3.275577095019768315e-04 4.604593535435742759e-04 8.631154208435503489e-04
7.937005259840997695e+00 4.272567020590449494e-05 9.476027797170113868e-05 1.466703038238227120e-04 1.985803296759442718e-04 5.094649554013137805e-04
1.000000000000000000e+01 8.815359477914150082e-05 1.026096994744082376e-04 1.811080657345263576e-04 2.596064319946444912e-04 4.644316457028276448e-04
1.259921049894873235e+01 9.042877766605267006e-05 1.397786000799955300e-04 3.137912195410346621e-04 4.878038390020737942e-04 1.230701372349342609e-03
1.587401051968199717e+01 9.794126202121675195e-05 2.226329955839368032e-04 2.600063693451161407e-04 2.973797431062954783e-04 5.353666551739832188e-04
2.000000000000000000e+01 1.060300325633663638e-04 7.323106595971337618e-04 8.365077424897170676e-04 9.407048253823003733e-04 1.184688368863434952e-03
2.519842099789746825e+01 9.324241164964924952e-05 5.934430028304343765e-04 6.283029187471367077e-04 6.631628346638390389e-04 7.237808468210108143e-04
3.174802103936399433e+01 9.149608672178468044e-05 1.293432106329923557e-04 1.936605228123936505e-04 2.579778349917949453e-04 2.048309771264980161e-03
4.000000000000000711e+01 6.747183135903695600e-05 1.948086469362172795e-04 2.633695919139219621e-04 3.319305368916266718e-04 7.971704816701667912e-04
5.039684199579493651e+01 6.470174625639550777e-05 1.162967334176370597e-03 1.289010157173216655e-03 1.415052980170062712e-03 1.571807706934150910e-03
6.349604207872798867e+01 5.172048615170047930e-05 1.404180357238490732e-04 1.637387861742991332e-04 1.870595366247491931e-04 6.870494289209067278e-04
8.000000000000001421e+01 4.521274279409375721e-05 1.753858339694096594e-04 1.961534844627529450e-04 2.169211349560962307e-04 5.073979729734676711e-04
1.007936839915898730e+02 4.774128485713216108e-05 1.178550949287854050e-03 1.370335353572425764e-03 1.562119757856997478e-03 1.880068706433106387e-03
