6.249999999999998890e-01 9.438520332736565236e-04 9.675248592299081317e-04 1.064087051914309459e-03 1.160649244598710786e-03 1.209400811633625341e-03
7.874506561842955499e-01 1.064224649393340867e-03 1.136405888355186992e-03 1.250722025279488040e-03 1.365038162203789087e-03 1.458461960977700932e-03
9.921256574801246009e-01 1.206812318623529286e-03 1.264416288656625273e-03 1.375077588842819280e-03 1.485738889029013287e-03 1.547942656992145217e-03
1.249999999999999778e+00 1.355607325193282668e-03 1.534463737516581243e-03 1.810865432442532131e-03 2.087267127368482803e-03 2.290111497190002766e-03
1.574901312368591100e+00 4.316629004172267345e-03 4.840550368620162927e-03 6.039423088116324494e-03 7.238295807612486060e-03 7.874072606426391063e-03
1.984251314960249202e+00 2.851626027784669431e-03 3.286489246205600689e-03 4.165439330358258925e-03 5.044389414510917595e-03 5.407309536302802415e-03
2.500000000000000000e+00 7.017774131146488261e-04 1.038524101870738278e-03 1.362165565769801702e-03 1.685807029668865125e-03 1.798676992676004251e-03
3.149802624737183088e+00 3.853051817476569750e-04 4.482084494979272308e-04 6.433625040513089085e-04 8.385165586046905862e-04 9.428494309093254184e-04
3.968502629920498848e+00 4.641823495393639738e-04 5.955780977738797406e-04 9.897097800833489032e-04 1.383841462392818066e-03 1.531095091867195604e-03
5.000000000000000000e+00 9.980292727558130478e-04 1.223848007538923298e-03 2.528013929076762100e-03 3.832179850614601119e-03 4.311973583386955258e-03
6.299605249474366175e+00 1.061390377739170185e-03 1.224231753605519455e-03 2.288725271629582243e-03 3.353218789653645247e-03 4.180181480960237610e-03
7.937005259840997695e+00 7.375105258054335134e-04 9.661485719338261521e-04 1.806972595278035637e-03 2.647796618622245014e-03 3.044423131233534117e-03
1.000000000000000000e+01 5.841950547464762594e-04 6.701725023630226204e-04 9.759761548795010781e-04 1.281779807395979536e-03 1.376437706913102594e-03
1.259921049894873235e+01 6.284127415055494126e-04 7.277434961031737206e-04 1.079328045091475100e-03 1.430912594079776588e-03 1.622631337253165095e-03
1.587401051968199717e+01 5.232746326165517046e-04 5.422216513116357665e-04 6.087488719719733521e-04 6.752760926323109376e-04 7.571254542038242767e-04
2.000000000000000000e+01 8.774941239128946323e-04 8.855690210865368181e-04 9.033700629125313237e-04 9.211711047385258292e-04 9.330059453572540559e-04
2.519842099789746825e+01 3.537771045002410862e-04 3.607053153488907820e-04 3.772326743528887113e-04 3.937600333568866406e-04 4.077147874054274745e-04
3.174802103936399433e+01 2.613229171514674324e-04 2.659899657745384708e-04 2.922994767207573127e-04 3.186089876669761546e-04 3.442135171342170191e-04
4.000000000000000711e+01 2.043851596221224205e-04 2.066428766932308062e-04 2.282650912000241332e-04 2.498873057068174601e-04 2.787777891835175985e-04
5.039684199579493651e+01 4.358502474433141529e-04 4.657733624136796338e-04 5.106068562676197801e-04 5.554403501215599264e-04 5.733722695343948560e-04
6.349604207872798867e+01 2.190392910857255659e-04 2.237868938386831247e-04 2.600476097402595974e-04 2.963083256418360431e-04 3.215195248797877276e-04
8.000000000000001421e+01 3.533201550091096183e-04 3.612248851431907812e-04 4.273511382885638904e-04 4.934773914339369997e-04 5.866695710127986258e-04
1.007936839915898730e+02 4.268241144322482009e-04 4.887017232379165183e-04 5.742789163894162878e-04 6.598561095409160573e-04 7.436292157203311295e-04
