6.249999999999998890e-01 1.511767079253856206e-04 3.021610485077863388e-04 5.298226316787505363e-04 7.574842148497147338e-04 9.667824643558906679e-04
7.874506561842955499e-01 1.240897714008709933e-04 3.248054441055511126e-04 5.340284131034331652e-04 7.432513821013152179e-04 1.009399747660378504e-03
9.921256574801246009e-01 1.145428706021938136e-04 3.494899391746029158e-04 5.712504026228128369e-04 7.930108660710227580e-04 1.114557538773925174e-03
1.249999999999999778e+00 1.464915745858755736e-04 4.251971390006767338e-04 7.012354705564018175e-04 9.772738021121270095e-04 1.575100868723732775e-03
1.574901312368591100e+00 2.400991253800343369e-04 5.790907287551009565e-04 1.406613801201971872e-03 2.234136873648842787e-03 4.071477154100703114e-03
1.984251314960249202e+00 3.326805964646216917e-04 6.030120118915816788e-04 1.689910870621727252e-03 2.776809729351873042e-03 5.206532800169532023e-03
2.500000000000000000e+00 2.713651763059699604e-04 5.672354382521844606e-04 1.379170889032184984e-03 2.191106339812185291e-03 4.928947922300992018e-03
3.149802624737183088e+00 1.233134841006794412e-04 1.700442072751740484e-04 3.683000661779156941e-04 5.665559250806573126e-04 1.056865657320035356e-03
3.968502629920498848e+00 9.264664793760166411e-05 6.685234402314751035e-05 2.569124126254671969e-04 4.469724812277869105e-04 2.005397269908832606e-03
5.000000000000000000e+00 2.573289629369424503e-04 2.207143463707361307e-04 4.167816799963021250e-04 6.128490136218681193e-04 1.474364349346637916e-03
6.299605249474366175e+00 4.290387151490397807e-04 2.998763980963389613e-04 7.587135759489145896e-04 1.217550753801490164e-03 3.130117571717393014e-03
7.937005259840997695e+00 2.790981552862438009e-04 1.207318336405688547e-04 5.449148088507058899e-04 9.690977840608428710e-04 3.413836490438125395e-03
1.000000000000000000e+01 3.455126893381579205e-04 2.587129661865289758e-04 5.964238401976953855e-04 9.341347142088618494e-04 1.902656941331789392e-03
1.259921049894873235e+01 4.200229679006342999e-04 3.293222006996985619e-04 6.374746502653557377e-04 9.456270998310129135e-04 2.384757475610941625e-03
1.587401051968199717e+01 3.415863785617165934e-04 3.473296263867249947e-04 4.426108744993081110e-04 5.378921226118912272e-04 9.498785261420021738e-04
2.000000000000000000e+01 4.145488380597352044e-04 8.597800641753425418e-04 1.082646007190741968e-03 1.305511950206141502e-03 1.628000324479207932e-03
2.519842099789746825e+01 3.744171873895207198e-04 2.774366851816582012e-04 7.078862996755550061e-04 1.138335914169451811e-03 3.807864412723451549e-03
3.174802103936399433e+01 9.428191613570279590e-05 1.034875162132954646e-04 1.360297243260625297e-04 1.685719324388296084e-04 2.685883650924955125e-04
4.000000000000000711e+01 1.096965747066172851e-04 1.207255835075278256e-04 1.462653623211774515e-04 1.718051411348270774e-04 2.872927063268012195e-04
5.039684199579493651e+01 3.366359703871349635e-04 4.844073206581321124e-04 5.200516313552889028e-04 5.556959420524457474e-04 6.347631509053607924e-04
6.349604207872798867e+01 7.901542292974772974e-05 7.814303702787851226e-05 1.030560322558715143e-04 1.279690274838645163e-04 2.865518235823822117e-04
8.000000000000001421e+01 1.199486647949314633e-04 1.317237252330215715e-04 1.943763687295737132e-04 2.570290122261258549e-04 5.813445099245094332e-04
1.007936839915898730e+02 3.500131846904646748e-04 6.162975401996776586e-04 7.864047203280189000e-04 9.565119004563601415e-04 1.344471381026064076e-03
