6.249999999999998890e-01 1.306713789912085702e-04 3.033697894124547318e-04 5.806642932445034910e-04 8.579587970765522502e-04 1.141617082071112428e-03
7.874506561842955499e-01 6.242177414409861528e-05 3.754565837528180345e-04 6.688051706338774341e-04 9.621537575149368337e-04 1.378583993349448335e-03
9.921256574801246009e-01 1.079755295699063276e-04 3.834277841907762123e-04 6.734453528856966303e-04 9.634629215806170483e-04 1.434843239357149001e-03
1.249999999999999778e+00 1.059413775755033008e-04 3.396726716133943030e-04 5.574996642974214701e-04 7.753266569814486371e-04 1.184482721126169135e-03
1.574901312368591100e+00 8.354401486809554976e-05 1.158398314963930741e-04 6.610723501888173589e-04 1.206304868881241752e-03 3.043786018749613121e-03
1.984251314960249202e+00 9.035291806398798196e-05 -1.234131549668429119e-04 1.069274176431374550e-03 2.261961507829592013e-03 5.037317284706946743e-03
2.500000000000000000e+00 1.144976786650214501e-04 1.613576316840675687e-04 7.688531565785626217e-04 1.376348681473057566e-03 3.037701660416761065e-03
3.149802624737183088e+00 1.478046998369204261e-04 1.933481077067151620e-04 1.019283754933635738e-03 1.845219402160556315e-03 3.950972066608851758e-03
3.968502629920498848e+00 1.870311492905181992e-04 -2.937238997262623177e-04 1.624466022316258407e-03 3.542655944358779133e-03 1.738618528380606043e-02
5.000000000000000000e+00 2.758865900926893194e-04 -8.856356277845158463e-04 2.007684792829072390e-03 4.901005213442661060e-03 1.919400780173164886e-02
6.299605249474366175e+00 4.544111568478129463e-04 -8.196732117892514304e-04 2.285056555640489935e-03 5.389786323070230867e-03 2.259334749301526030e-02
7.937005259840997695e+00 8.812509598410105810e-04 -5.391106491920011345e-04 3.744301512166405867e-03 8.027713673524812868e-03 2.264214626640218692e-02
1.000000000000000000e+01 1.318510294236457849e-03 3.867745012538833377e-05 4.546911198676999166e-03 9.055144947228609131e-03 2.040182410263729693e-02
1.259921049894873235e+01 1.179486295115604903e-03 5.923196498576217134e-06 3.731147672327156384e-03 7.456372148155736984e-03 2.283191743511296667e-02
1.587401051968199717e+01 8.478986974050851033e-04 6.634460370153435257e-04 1.512675288837082941e-03 2.361904540658822139e-03 4.398290547915181120e-03
2.000000000000000000e+01 1.313566730340372767e-03 3.893811292610014838e-03 5.405259281729456536e-03 6.916707270848898234e-03 7.999485359658818975e-03
2.519842099789746825e+01 8.604307029891080337e-04 8.169503229887573655e-04 2.097983862498140062e-03 3.379017402007522541e-03 9.735832524051298703e-03
3.174802103936399433e+01 4.813998552049653600e-04 6.606504651588248006e-04 8.811480799171089555e-04 1.101645694675393219e-03 2.085060138987285348e-03
4.000000000000000711e+01 6.218538205209641180e-04 5.815571800641032921e-04 8.696287258708930174e-04 1.157700271677682743e-03 3.609190488364613474e-03
5.039684199579493651e+01 3.843057894058400648e-03 6.592819544182623205e-03 7.103227515812439788e-03 7.613635487442256371e-03 8.445873164533709149e-03
6.349604207872798867e+01 3.091839516950729383e-04 2.793888715553199823e-04 3.943247434338189965e-04 5.092606153123180107e-04 1.534738424252941489e-03
8.000000000000001421e+01 2.328252872516922754e-04 2.639445315286494966e-04 3.224776372451062341e-04 3.810107429615629715e-04 6.594325229564416578e-04
1.007936839915898730e+02 5.198053542471298138e-04 6.564296530646113268e-04 7.823639349576130700e-04 9.082982168506148132e-04 1.238013516879602101e-03
