6.249999999999998890e-01 8.012279865389025765e-05 2.858965654236395515e-04 5.205997779107099767e-04 7.553029903977804020e-04 1.062565623689888921e-03
7.874506561842955499e-01 9.483783156559418882e-05 3.535105075972426350e-04 6.043780962309503249e-04 8.552456848646579606e-04 1.597869723282829921e-03
9.921256574801246009e-01 9.790634730690740272e-05 3.450158429483134214e-04 6.079093976493666783e-04 8.708029523504199352e-04 1.817641766001183972e-03
1.249999999999999778e+00 1.045099316603105566e-04 3.100881276060531416e-04 5.163739632265137254e-04 7.226597988469743092e-04 1.500920857020820402e-03
1.574901312368591100e+00 5.927247960456112093e-05 2.252185717969159792e-04 3.752830903573904794e-04 5.253476089178649253e-04 1.144647735258471450e-03
1.984251314960249202e+00 6.526716384580057151e-05 1.401289448257666127e-04 3.823283620386965236e-04 6.245277792516264886e-04 1.183581082463846905e-03
2.500000000000000000e+00 7.244033042545355025e-05 1.073544708198760763e-04 4.850390195586133440e-04 8.627235682973506117e-04 1.766162682356645737e-03
3.149802624737183088e+00 9.230965062636411838e-05 1.777613653671597255e-04 5.895050251904133823e-04 1.001248685013667039e-03 1.721528872792913844e-03
3.968502629920498848e+00 1.122378822505107826e-04 1.243675785204688454e-04 7.258818591094890046e-04 1.327396139698509055e-03 4.661317016246932510e-03
5.000000000000000000e+00 1.237046445615704114e-04 4.854395171764553057e-04 9.591388804374606806e-04 1.432838243698466001e-03 3.585409407641437004e-03
6.299605249474366175e+00 1.633880546265077053e-04 2.259386974573649918e-04 6.435266128330231023e-04 1.061114528208681159e-03 2.249151335710256484e-03
7.937005259840997695e+00 1.764011417855169148e-04 2.847873606376055493e-04 6.612555474472911910e-04 1.037723734256976778e-03 2.174054809485308562e-03
1.000000000000000000e+01 1.997963380331278251e-04 5.379723337699173630e-04 9.338515553160393282e-04 1.329730776862161293e-03 2.677390526122150165e-03
1.259921049894873235e+01 2.037949603567651478e-04 7.358055220297451352e-04 1.125182834649293001e-03 1.514560147268840867e-03 3.675009346381343661e-03
1.587401051968199717e+01 6.186872914964272911e-04 3.994308987718685720e-03 4.406142301485316791e-03 4.817975615251947862e-03 6.403031907660188329e-03
2.000000000000000000e+01 4.411631441206471699e-04 9.032931618065663873e-03 9.944812790243577963e-03 1.085669396242149205e-02 1.239532337968221078e-02
2.519842099789746825e+01 1.621433618444281007e-04 2.666431425597048412e-03 2.860773042897567925e-03 3.055114660198087438e-03 3.787251416696424920e-03
3.174802103936399433e+01 2.406389359528683452e-04 8.811400901387661175e-04 1.009402600503643945e-03 1.137665110868521772e-03 2.674861050079888752e-03
4.000000000000000711e+01 2.832568631130429645e-04 1.266043084285494499e-03 1.642503304868434986e-03 2.018963525451375474e-03 5.547348914795161186e-03
5.039684199579493651e+01 1.931667258158686299e-04 7.693572148998013664e-03 8.650571047208472503e-03 9.607569945418932209e-03 1.084175876913844039e-02
6.349604207872798867e+01 1.555410436663331704e-04 8.104774162087510433e-04 9.141076019237687981e-04 1.017737787638786553e-03 3.151974033277466815e-03
8.000000000000001421e+01 1.260952986672240952e-04 1.375771392310153789e-03 1.509817982467100833e-03 1.643864572624047877e-03 3.107373784696874398e-03
1.007936839915898730e+02 1.574034126180065183e-04 3.942344284975532291e-03 4.641380397471930874e-03 5.340416509968329457e-03 6.313371615765348346e-03
