6.249999999999998890e-01 8.787579230219499720e-05 3.058646279336821403e-04 4.991621810164298617e-04 6.924597340991775832e-04 1.022826936878070032e-03
7.874506561842955499e-01 1.073674105938910307e-04 3.886818969365102403e-04 5.831501414231646816e-04 7.776183859098191771e-04 1.493996508256867622e-03
9.921256574801246009e-01 1.238546814537205571e-04 3.602312222113782320e-04 5.632275964080269348e-04 7.662239706046756376e-04 1.546945051979563973e-03
1.249999999999999778e+00 1.599649757001985210e-04 3.136771879161751866e-04 4.721459518517985392e-04 6.306147157874218917e-04 1.220147417880372218e-03
1.574901312368591100e+00 1.416170898586775967e-04 2.417342120126518329e-04 4.538358969586128873e-04 6.659375819045739147e-04 1.374136108318429941e-03
1.984251314960249202e+00 1.371607617971892356e-04 1.558366698003982136e-04 6.377836854781113955e-04 1.119730701155824577e-03 2.178165486649718489e-03
2.500000000000000000e+00 1.512246354116256739e-04 1.858576827728402117e-04 7.852864976928521567e-04 1.384715312612864102e-03 2.520461610940230579e-03
3.149802624737183088e+00 1.837970116473808973e-04 2.086440562976174095e-04 1.124536221229318700e-03 2.040428386161020208e-03 4.787060449930051649e-03
3.968502629920498848e+00 2.303848930859443993e-04 -4.655574051210145496e-04 1.949026713505844222e-03 4.363610832132703427e-03 1.564358399312394329e-02
5.000000000000000000e+00 2.590312877059948861e-04 -9.139771102460694970e-04 2.285961691626635286e-03 5.485900493499340502e-03 1.434534940855647540e-02
6.299605249474366175e+00 8.609099816106772704e-04 4.349325302692723556e-04 2.078710173548139074e-03 3.722487816827005792e-03 9.065931180369508555e-03
7.937005259840997695e+00 2.370721183872157630e-03 2.118197819480450994e-03 3.335897131738530235e-03 4.553596443996609476e-03 8.755198203185342309e-03
1.000000000000000000e+01 3.799351181648860740e-03 3.679635493413580503e-03 4.895263481745505858e-03 6.110891470077431213e-03 9.181282124817197188e-03
1.259921049894873235e+01 4.127488010548756650e-03 3.970480179583591243e-03 5.300360260851311525e-03 6.630240342119031807e-03 1.137906204944451501e-02
1.587401051968199717e+01 2.088259953792936420e-03 2.081402771620963731e-03 2.817461718443584409e-03 3.553520665266205088e-03 5.258131254717700147e-03
2.000000000000000000e+01 2.275283560358977442e-03 5.136026152810124930e-03 6.869129911671238362e-03 8.602233670532352661e-03 1.056232556521967056e-02
2.519842099789746825e+01 1.306300201071961204e-03 1.094527927177417828e-03 1.656783419555520097e-03 2.219038911933622366e-03 9.294004080633997550e-03
3.174802103936399433e+01 1.012560033159153614e-03 9.690402240658962680e-04 1.205832309801221133e-03 1.442624395536545997e-03 4.215319986746759312e-03
4.000000000000000711e+01 7.183346169050969362e-04 7.459341897263701031e-04 8.724928383220488179e-04 9.990514869177276411e-04 1.294774520126099364e-03
5.039684199579493651e+01 9.732611228195661539e-04 1.078541563317541620e-03 1.172180599312943119e-03 1.265819635308344619e-03 1.442402726185899788e-03
6.349604207872798867e+01 3.411055947317680865e-04 3.262109817194434316e-04 4.155990551096253624e-04 5.049871284998072932e-04 1.293384514098629406e-03
8.000000000000001421e+01 2.810690591349717694e-04 3.222559433590377201e-04 4.065884470800611140e-04 4.909209508010845078e-04 8.174106346829770409e-04
1.007936839915898730e+02 4.603632320033003975e-04 5.702281115305060655e-04 6.475851792399469958e-04 7.249422469493879261e-04 8.987224313558661928e-04
