6.249999999999998890e-01 1.022826936878070032e-03 1.011573411240992201e-03 9.630783687345861833e-04 1.009583003887070882e-03 1.010347634221344694e-03 9.858740863516535571e-04 8.856585044122861333e-04 8.872804477948221125e-04 9.211078439801018451e-04 8.533462993458056827e-04 8.410807328826506351e-04
7.874506561842955499e-01 1.493996508256867622e-03 1.447784872127888490e-03 1.342967826385705991e-03 1.340461985421317935e-03 1.327599410016893321e-03 1.231966038444483628e-03 1.235564075604231185e-03 1.130551805847711516e-03 1.115856420789576716e-03 1.161292466836565248e-03 1.151247015161625201e-03
9.921256574801246009e-01 1.517025410471738818e-03 1.504159312091029157e-03 1.546945051979563973e-03 1.430099670390439339e-03 1.294124892087703199e-03 1.279023553188458158e-03 1.262253623769720844e-03 1.263522517012260040e-03 1.226636330118761452e-03 1.214919125414760026e-03 1.147519757024400905e-03
1.249999999999999778e+00 1.173582544462407071e-03 1.220147417880372218e-03 1.171729037094717749e-03 1.088995509566831159e-03 1.022903758997969429e-03 1.056852306527904023e-03 1.009117454321795376e-03 9.932777944176658571e-04 9.797202157661270838e-04 9.934004933302353554e-04 9.274694104786517131e-04
1.574901312368591100e+00 1.126977232309688340e-03 9.653679985671895095e-04 9.810619717561192346e-04 7.581071678888733198e-04 8.051164081060823829e-04 1.019872292261093157e-03 9.634255636074425758e-04 8.715307949183532816e-04 7.467312267123568312e-04 7.297041267655985253e-04 6.870760130692654026e-04
1.984251314960249202e+00 1.457114038801878182e-03 1.531396172617446568e-03 1.594025128890528458e-03 1.020227273206066347e-03 1.038208117852875562e-03 1.766154223686993005e-03 1.601210243191358807e-03 1.537619597810779446e-03 1.114984235845540217e-03 1.020711302778242683e-03 8.243157257292610266e-04
2.500000000000000000e+00 1.643547451390130762e-03 2.477349289261368982e-03 2.136404865787409381e-03 1.574569882386322051e-03 1.592402834270856748e-03 2.473599180925980297e-03 2.322986315312444965e-03 2.262275960035189590e-03 1.697826987128956853e-03 1.371332528131192271e-03 8.169694509850220767e-04
3.149802624737183088e+00 1.869912620259247876e-03 4.787060449930051649e-03 3.328539829356089597e-03 1.513720362554799850e-03 2.246496473107181639e-03 4.004675879781742324e-03 4.287978047961781697e-03 3.868679184516630142e-03 1.736976040820913374e-03 1.644667201215317459e-03 1.121156479728977352e-03
3.968502629920498848e+00 2.677066730038690605e-03 1.132062961397127879e-02 8.307019802948539811e-03 2.120653054334475408e-03 7.237808205056313164e-03 9.868490239098567929e-03 1.004112896539322355e-02 1.308219003278643898e-02 3.288917501266904429e-03 3.950864316194818704e-03 1.335504160319898360e-03
5.000000000000000000e+00 2.390318171839494674e-03 1.434534940855647540e-02 1.164404167113917282e-02 1.726163123637846231e-03 8.493813983133103804e-03 1.317633540325521997e-02 1.332964676332745041e-02 1.396616534878103617e-02 3.036853390693582035e-03 5.860239787164295278e-03 1.282417948952272553e-03
6.299605249474366175e+00 2.946802680317027207e-03 9.065931180369508555e-03 7.076448379851522572e-03 2.252802932777641948e-03 4.350338694633875194e-03 8.073153373888267148e-03 7.178269572480668916e-03 6.400823030591721793e-03 2.600531632983849040e-03 3.894311712814009334e-03 2.316201744648213254e-03
7.937005259840997695e+00 3.835105893986334724e-03 7.951531540144420040e-03 7.235842811595615508e-03 3.647759999795894496e-03 6.772306461280563732e-03 8.280900929799561022e-03 6.806873460428307203e-03 6.912272426227779321e-03 4.195642287274902078e-03 4.788888539203415250e-03 3.390674697174488050e-03
1.000000000000000000e+01 6.159243705883255503e-03 8.464614886192467144e-03 7.639550626347403790e-03 5.926822699310230376e-03 6.317019390982959656e-03 6.952896623145314939e-03 6.886212700663784866e-03 6.419481668429055481e-03 5.355471890711538917e-03 5.567600922778690939e-03 5.147579275599213806e-03
1.259921049894873235e+01 6.602260437580909427e-03 7.947839048343485410e-03 6.970023985442157233e-03 5.950042908553850214e-03 5.976787244925630890e-03 6.468971785072348719e-03 6.938572469504041169e-03 6.525759543300491301e-03 5.782342620457101706e-03 5.504610205178363073e-03 5.653786600615952861e-03
1.587401051968199717e+01 3.800239267537514672e-03 3.906253556628084059e-03 3.682286638156722237e-03 3.439503399680825767e-03 3.349371587121566067e-03 3.110868461385891438e-03 3.393245240863784241e-03 3.205055621197971591e-03 2.948777979422143730e-03 2.867584094489956503e-03 2.897285106781118114e-03
2.000000000000000000e+01 5.864578077568557112e-03 5.666395834511036081e-03 5.865267992498019063e-03 5.846519660429173697e-03 5.667763067338045871e-03 5.788411975996885991e-03 5.866527085381530691e-03 5.804692131180378377e-03 5.782649057530232263e-03 5.565144075522643861e-03 5.688972072442473500e-03
2.519842099789746825e+01 1.897777550986194835e-03 1.891601881054108059e-03 1.897830978326888775e-03 1.816791673244752374e-03 1.826633332612432421e-03 1.849052903757179237e-03 1.863586060906322929e-03 1.834361509155173382e-03 1.782786040847297512e-03 1.804462535806520846e-03 1.802084154441512117e-03
3.174802103936399433e+01 1.391356372726571889e-03 1.282574888355535484e-03 1.359456030211739349e-03 1.293342847654727719e-03 1.278962883562509640e-03 1.224681345117390428e-03 1.238782295101603865e-03 1.218236549613175646e-03 1.199773746152375895e-03 1.222059035109330323e-03 1.221387575908881558e-03
4.000000000000000711e+01 9.796624023661714819e-04 9.361144520411455528e-04 1.010635215318286166e-03 9.442413090354520285e-04 9.386637058628158510e-04 9.119761114111173085e-04 8.853572324777473669e-04 9.052260924400376899e-04 8.717385785464973249e-04 8.977328969851077617e-04 8.958145403012560863e-04
5.039684199579493651e+01 1.161222076571186623e-03 1.246825458348805975e-03 1.234472387649380824e-03 1.163258514094697715e-03 1.120169452549266359e-03 1.013757695315915634e-03 1.170247367182203607e-03 1.266332809252628238e-03 1.169467238203757706e-03 1.213190550422354238e-03 1.140942540327538179e-03
6.349604207872798867e+01 5.282654383998596935e-04 4.386201381343896402e-04 4.793908308699436501e-04 4.615462681331355022e-04 4.593231421313688826e-04 4.432215145286864120e-04 4.273582169096190337e-04 4.392112998354049920e-04 4.248900491443241686e-04 4.288468275080883452e-04 4.425040765687866611e-04
8.000000000000001421e+01 4.684957396384938771e-04 3.724515021335905555e-04 4.090438828179164196e-04 3.776307975584569415e-04 3.695306968073288180e-04 3.512147849443278272e-04 3.343700526050128060e-04 3.365737735707454424e-04 3.371316914587990806e-04 3.202033516031192566e-04 3.683882782406026337e-04
1.007936839915898730e+02 8.274902329336997339e-04 7.405946000749243389e-04 6.204224521766608371e-04 6.590842700193410815e-04 7.160611759273228811e-04 5.939955214577849864e-04 6.157906364223206166e-04 6.473473835955167273e-04 5.345693079972500296e-04 6.633626708503722377e-04 7.335515106068309435e-04
