6.249999999999998890e-01 1.985825237935347947e-04 3.856355423091521782e-04 7.298380837076957374e-04 1.074040625106239405e-03 1.444915739782499974e-03
7.874506561842955499e-01 2.178338086080144355e-04 4.911328093726664628e-04 8.092665421087043894e-04 1.127400274844742208e-03 1.552621170428050484e-03
9.921256574801246009e-01 2.968763161286148305e-04 5.987183997631249834e-04 8.849662356116765960e-04 1.171214071460228209e-03 1.550608299903327193e-03
1.249999999999999778e+00 5.008879175783075965e-04 9.683425243997822443e-04 1.270441572836983985e-03 1.572540621274185618e-03 1.996352967942668574e-03
1.574901312368591100e+00 1.444108280886396544e-03 3.536118025523851682e-03 4.730781529436529215e-03 5.925445033349206747e-03 8.375231696592429914e-03
1.984251314960249202e+00 9.912350391611108019e-04 2.461121229923475366e-03 3.434268736186660981e-03 4.407416242449846595e-03 5.937223410302614954e-03
2.500000000000000000e+00 3.751478511663674143e-04 8.818688173608034506e-04 1.242037774910671744e-03 1.602206732460540036e-03 2.736656429651299852e-03
3.149802624737183088e+00 1.797393278583649090e-04 3.666185890867876837e-04 5.108731185940679556e-04 6.551276481013482275e-04 9.547691745407406450e-04
3.968502629920498848e+00 2.298511431439650434e-04 3.826040471562766978e-04 6.448353856592134014e-04 9.070667241621501592e-04 1.944651848774211437e-03
5.000000000000000000e+00 6.984207246361138609e-04 8.941078317525371754e-04 1.454876119505636636e-03 2.015644407258735879e-03 3.467773932561684074e-03
6.299605249474366175e+00 7.815914976436597788e-04 9.792336286607423133e-04 1.329327892324477269e-03 1.679422155988212224e-03 2.763184809717550081e-03
7.937005259840997695e+00 5.324876378179283550e-04 6.844987767333816789e-04 1.045375844324065604e-03 1.406252911914749638e-03 2.812629251042324165e-03
1.000000000000000000e+01 4.626088081629396590e-04 5.686332568003762402e-04 7.275625143309938760e-04 8.864917718616115118e-04 1.472381762260298321e-03
1.259921049894873235e+01 4.115895994939086904e-04 5.400444392620931114e-04 7.485446978600644079e-04 9.570449564580357045e-04 2.032091965132530945e-03
1.587401051968199717e+01 3.168732033426398861e-04 4.231640134723193051e-04 5.166402075840703352e-04 6.101164016958213112e-04 7.931760732862244570e-04
2.000000000000000000e+01 2.426147861344722352e-04 4.190949119321391329e-04 5.412394503106805624e-04 6.633839886892219919e-04 7.755732261616220865e-04
2.519842099789746825e+01 1.334297847208044355e-04 2.819531695817618705e-04 4.453864636143516965e-04 6.088197576469415225e-04 9.612799948409147220e-04
3.174802103936399433e+01 7.815208769618707009e-05 1.159171319560596536e-04 1.592835073996046993e-04 2.026498828431497450e-04 2.934503689514621596e-04
4.000000000000000711e+01 7.649949625701649202e-05 1.020935042401449318e-04 1.473936262146520763e-04 1.926937481891592208e-04 2.998627223588957048e-04
5.039684199579493651e+01 6.180385477238271299e-04 1.021132524649950770e-03 1.210622000168625053e-03 1.400111475687299337e-03 1.589968941721240248e-03
6.349604207872798867e+01 7.649426376231295165e-05 9.950728288797492098e-05 1.652656128735268553e-04 2.310239428590788032e-04 4.990202948200611350e-04
8.000000000000001421e+01 1.200887298645812951e-04 1.333354497120362698e-04 4.024860592425740305e-04 6.716366687731117370e-04 1.352139848949800898e-03
1.007936839915898730e+02 3.010977848658935303e-04 5.399094237388083481e-04 7.416053800701671774e-04 9.433013364015260067e-04 1.197486955697324874e-03
