6.249999999999998890e-01 2.154466531217090833e-04 4.169886526827280403e-04 6.500801274154594054e-04 8.831716021481907705e-04 1.209400811633625341e-03
7.874506561842955499e-01 3.579104746446008789e-04 4.856103223993018430e-04 7.118949959160671961e-04 9.381796694328325492e-04 1.458461960977700932e-03
9.921256574801246009e-01 4.614663773242294272e-04 5.099299446198945693e-04 7.606064581143862037e-04 1.011282971608877838e-03 1.547942656992145217e-03
1.249999999999999778e+00 5.414450832300469769e-04 7.620084369603455105e-04 1.117019529855803241e-03 1.472030622751260972e-03 2.290111497190002766e-03
1.574901312368591100e+00 1.354635151416405323e-03 2.823062541556719054e-03 4.449542253470805016e-03 6.076021965384890977e-03 8.278520025940169433e-03
1.984251314960249202e+00 8.532581097202851256e-04 2.030694881576027878e-03 3.343601969311417454e-03 4.656509057046807031e-03 6.741019401830545404e-03
2.500000000000000000e+00 3.326757263730377228e-04 6.467091392154242138e-04 1.077570112917425327e-03 1.508431086619426440e-03 2.049064325427046602e-03
3.149802624737183088e+00 1.898453107710937912e-04 2.939681581870043229e-04 4.838249354978017770e-04 6.736817128085992312e-04 9.428494309093254184e-04
3.968502629920498848e+00 2.752334409616874651e-04 3.597429900242811690e-04 6.882967568000751069e-04 1.016850523575868991e-03 1.723940444845586126e-03
5.000000000000000000e+00 6.770000431063941896e-04 7.274403099814491340e-04 1.603904068346058811e-03 2.480367826710668487e-03 4.311973583386955258e-03
6.299605249474366175e+00 7.586960928218287837e-04 7.747341209393032897e-04 1.513013028730119530e-03 2.251291936520935771e-03 4.180181480960237610e-03
7.937005259840997695e+00 4.878430970222167153e-04 4.782261019049233002e-04 1.025812346196165129e-03 1.573398590487406958e-03 3.044423131233534117e-03
1.000000000000000000e+01 4.453770255770080153e-04 4.272386651529603034e-04 6.587414471737185325e-04 8.902442291944767617e-04 1.376437706913102594e-03
1.259921049894873235e+01 4.792292105120999008e-04 4.328527288488229381e-04 7.056257440812311807e-04 9.783987593136394233e-04 1.724416340041333949e-03
1.587401051968199717e+01 3.736772957048143610e-04 4.191123112060312901e-04 5.591645678093857879e-04 6.992168244127402316e-04 7.571254542038242767e-04
2.000000000000000000e+01 3.562694664785411112e-04 6.224047131081775555e-04 8.209008630175800925e-04 1.019397012926982629e-03 1.059828403327018123e-03
2.519842099789746825e+01 2.485838502643549375e-04 2.305311825600256013e-04 3.464786014428088037e-04 4.624260203255920062e-04 1.118356520211390495e-03
3.174802103936399433e+01 1.937337809156524791e-04 2.001038415666130327e-04 2.809672009431935847e-04 3.618305603197741367e-04 7.328336433446343019e-04
4.000000000000000711e+01 1.518096379841881122e-04 1.584882249872882445e-04 2.143650396819297510e-04 2.702418543765712847e-04 3.015979438761154157e-04
5.039684199579493651e+01 3.871316730036006878e-04 3.506281802103158722e-04 4.572850851472718661e-04 5.639419900842278059e-04 5.742655394684369544e-04
6.349604207872798867e+01 1.282756008720493425e-04 1.428515003607696275e-04 2.074726701141967663e-04 2.720938398676239051e-04 3.711197552907512156e-04
8.000000000000001421e+01 1.560643765185630745e-04 1.500606076141366681e-04 2.298046258066395659e-04 3.095486439991424637e-04 5.866695710127986258e-04
1.007936839915898730e+02 4.268241144322482009e-04 7.086869623066748133e-04 1.027403203381631715e-03 1.346119444456588508e-03 1.619702376769380225e-03
