6.249999999999998890e-01 1.109088683572789346e-04 2.906111460352791111e-04 5.310816792923788365e-04 7.715522125494785619e-04 1.054753843940688020e-03
7.874506561842955499e-01 1.572469832154749572e-04 3.628684136168260879e-04 6.300201090699263920e-04 8.971718045230267502e-04 1.554173959721187560e-03
9.921256574801246009e-01 2.076232258391879683e-04 3.580818640403026333e-04 6.389535348800233494e-04 9.198252057197440655e-04 1.817641766001183972e-03
1.249999999999999778e+00 2.821596023900629414e-04 3.978845806764552575e-04 5.997951221976279652e-04 8.017056637188006187e-04 1.500920857020820402e-03
1.574901312368591100e+00 2.439667680996721922e-04 3.854515392727743102e-04 5.073012738053372765e-04 6.291510083379002428e-04 1.144647735258471450e-03
1.984251314960249202e+00 2.660843934279682999e-04 4.617239571119232831e-04 6.533573331854859549e-04 8.449907092590486267e-04 1.183581082463846905e-03
2.500000000000000000e+00 3.067974045886073917e-04 5.864944425175546219e-04 9.039297352280239008e-04 1.221365027938493180e-03 1.766162682356645737e-03
3.149802624737183088e+00 4.284840308853828193e-04 7.797040446632136530e-04 1.066437911529898377e-03 1.353171778396583102e-03 1.721528872792913844e-03
3.968502629920498848e+00 4.935041911596147997e-04 8.524372093005927508e-04 1.383325892760863636e-03 1.914214576221134629e-03 4.661317016246932510e-03
5.000000000000000000e+00 6.019583687210618064e-04 8.554945976898210760e-04 1.392976636836102278e-03 1.930458675982383481e-03 3.585409407641437004e-03
6.299605249474366175e+00 3.600976287247363138e-04 7.098887171208524910e-04 1.057060218749349655e-03 1.404231720377846927e-03 2.249151335710256484e-03
7.937005259840997695e+00 2.176490874291543459e-04 7.197374017037103588e-04 1.029546646579368278e-03 1.339355891455026090e-03 2.174054809485308562e-03
1.000000000000000000e+01 6.092701236887491023e-04 9.722096484892964706e-04 1.314112354295471959e-03 1.656015060101647448e-03 2.677390526122150165e-03
1.259921049894873235e+01 5.040175780553415993e-04 8.291604965587249208e-04 1.280212311554633628e-03 1.731264126550542334e-03 3.675009346381343661e-03
1.587401051968199717e+01 6.186872914964272911e-04 4.101227591163757527e-03 4.493281357414041083e-03 4.885335123664324639e-03 5.442807251042121146e-03
2.000000000000000000e+01 4.411631441206471699e-04 9.031937963453133544e-03 1.004715692831865959e-02 1.106237589318418563e-02 1.239532337968221078e-02
2.519842099789746825e+01 1.621433618444281007e-04 2.621396136434925219e-03 2.894933252273335610e-03 3.168470368111746000e-03 3.787251416696424920e-03
3.174802103936399433e+01 2.406389359528683452e-04 9.243085381282508230e-04 1.079699063698038534e-03 1.235089589267826353e-03 2.674861050079888752e-03
4.000000000000000711e+01 2.832568631130429645e-04 1.255932458397879953e-03 1.807491130836517664e-03 2.359049803275155375e-03 5.547348914795161186e-03
5.039684199579493651e+01 1.931667258158686299e-04 7.515821140562647246e-03 8.757909636913046095e-03 9.999998133263444944e-03 1.084175876913844039e-02
6.349604207872798867e+01 1.555410436663331704e-04 8.098273582407478815e-04 9.487151086826456055e-04 1.087602859124543221e-03 3.151974033277466815e-03
8.000000000000001421e+01 1.260952986672240952e-04 1.344195002886710904e-03 1.509302227984494474e-03 1.674409453082278043e-03 3.107373784696874398e-03
1.007936839915898730e+02 1.574034126180065183e-04 3.712738537448934464e-03 4.603185279106467194e-03 5.493632020763999924e-03 6.313371615765348346e-03
