6.249999999999998890e-01 2.403006450720199564e-04 5.204859812391809471e-04 9.113598163751693293e-04 1.302233651511157820e-03 1.847148906099252549e-03
7.874506561842955499e-01 3.060257363663879213e-04 6.716225340183233508e-04 1.105831723511726703e-03 1.540040913005130165e-03 2.396562387571028740e-03
9.921256574801246009e-01 5.757764589731924169e-04 1.004833007035013095e-03 1.708607764320903451e-03 2.412382521606793589e-03 4.697974659782134903e-03
1.249999999999999778e+00 3.015487658364304335e-03 4.411495923686007542e-03 6.903149330655606979e-03 9.394802737625206415e-03 1.858504645523435458e-02
1.574901312368591100e+00 7.181248069603849045e-04 1.136913799036152594e-03 1.767285768453797723e-03 2.397657737871442853e-03 4.897710517735925743e-03
1.984251314960249202e+00 1.411743167609333068e-04 3.611110575914684923e-04 5.432888937527204391e-04 7.254667299139723859e-04 1.306856893474954949e-03
2.500000000000000000e+00 1.686085346685481465e-04 3.407603960272083247e-04 5.387011844452410268e-04 7.366419728632737831e-04 1.089228549652612298e-03
3.149802624737183088e+00 2.575849839061985862e-04 4.410873300871667475e-04 6.471442340874542778e-04 8.532011380877418082e-04 1.241490531305624321e-03
3.968502629920498848e+00 2.282394899656610692e-04 7.125556481636925558e-04 9.995703189330075802e-04 1.286584989702322605e-03 1.792899067793210857e-03
5.000000000000000000e+00 6.198192892356021262e-04 9.895371347880296646e-04 1.461468798070987823e-03 1.933400461353945981e-03 2.931822583183346827e-03
6.299605249474366175e+00 3.067566172043620430e-04 4.643985295844226284e-04 7.287839100082190531e-04 9.931692904320155862e-04 1.721543181078597721e-03
7.937005259840997695e+00 1.405889241450300898e-04 2.016333123804103832e-04 2.801890971988190587e-04 3.587448820172277342e-04 5.663402363445339252e-04
1.000000000000000000e+01 1.384073583815313517e-04 1.964207190778389329e-04 2.505978346960834372e-04 3.047749503143279415e-04 4.363407047596372184e-04
1.259921049894873235e+01 2.155928457421355502e-04 1.705785963357039675e-04 5.735378379045194715e-04 9.764970794733350296e-04 2.713962487915058501e-03
1.587401051968199717e+01 1.880116006177646971e-04 6.495808946066080562e-04 7.430739048268247045e-04 8.365669150470413529e-04 1.878468328825428366e-03
2.000000000000000000e+01 1.507570514920429498e-04 1.741602137982226853e-03 1.944887839289465145e-03 2.148173540596703436e-03 2.489246008652768686e-03
2.519842099789746825e+01 1.598735942924179221e-04 6.156078622398731453e-04 6.937924378404606521e-04 7.719770134410481590e-04 1.032616382930863974e-03
3.174802103936399433e+01 8.346002979972992120e-05 2.207557448035285270e-04 2.581826169433330928e-04 2.956094890831376587e-04 6.540706357829367996e-04
4.000000000000000711e+01 6.590595444787362739e-05 2.399147779874744989e-04 3.049033550069032462e-04 3.698919320263319935e-04 7.529868348702086411e-04
5.039684199579493651e+01 5.593745787279540019e-05 9.593230393556207488e-04 1.110851543399578745e-03 1.262380047443536742e-03 1.414965584207437217e-03
6.349604207872798867e+01 4.254962957828883690e-05 1.595963465553943209e-04 1.831300458524409475e-04 2.066637451494875741e-04 4.819628573597938958e-04
8.000000000000001421e+01 4.518793163801982862e-05 3.583420795177837343e-04 4.064192753199773601e-04 4.544964711221709860e-04 5.199788329089488842e-04
1.007936839915898730e+02 5.246706580852845113e-05 7.552152049980138428e-04 9.938082691371120068e-04 1.232401333276210171e-03 1.404727821149815391e-03
