6.249999999999998890e-01 1.782524172959482306e-04 3.969634125563304750e-04 7.232468773024760883e-04 1.049530342048621756e-03 1.444915739782499974e-03
7.874506561842955499e-01 1.648987864907475751e-04 4.532114086121814931e-04 7.586069387803734193e-04 1.064002468948565400e-03 1.552621170428050484e-03
9.921256574801246009e-01 1.473610974467410933e-04 4.654516922272123724e-04 7.769448809548781722e-04 1.088438069682543972e-03 1.550608299903327193e-03
1.249999999999999778e+00 1.973733291902157315e-04 5.988650291402339201e-04 9.936560678931653616e-04 1.388447106646096803e-03 2.017910856373432166e-03
1.574901312368591100e+00 5.012470292731804715e-04 1.326684931544414806e-03 3.014382755382855571e-03 4.702080579221296769e-03 8.375231696592429914e-03
1.984251314960249202e+00 3.680504669269697737e-04 6.604191022860808440e-04 1.986336061164504022e-03 3.312253020042927199e-03 5.937223410302614954e-03
2.500000000000000000e+00 1.972941596603075293e-04 3.241062875909119716e-04 7.830311197303627818e-04 1.241955951869813538e-03 2.736656429651299852e-03
3.149802624737183088e+00 1.134781474203646392e-04 1.404000885641151319e-04 3.237855525417662381e-04 5.071710165194173985e-04 9.547691745407406450e-04
3.968502629920498848e+00 1.838068551438908744e-04 1.580204188202302684e-04 4.101765356216128156e-04 6.623326524229953627e-04 1.944651848774211437e-03
5.000000000000000000e+00 6.695743973802138413e-04 5.799055115656552052e-04 1.054282720003212352e-03 1.528659928440769498e-03 3.467773932561684074e-03
6.299605249474366175e+00 7.471141369461075602e-04 6.966403064058073000e-04 1.022886183414170765e-03 1.349132060422534229e-03 2.763184809717550081e-03
7.937005259840997695e+00 5.123819913315075638e-04 4.340341639320957883e-04 7.534793595490575603e-04 1.072924555166019332e-03 2.812629251042324165e-03
1.000000000000000000e+01 4.548555371570484908e-04 4.337475343594175605e-04 5.832033419648325560e-04 7.326591495702475514e-04 1.472381762260298321e-03
1.259921049894873235e+01 3.949131119532768813e-04 3.719059840672666499e-04 5.651033809535247615e-04 7.583007778397828731e-04 2.032091965132530945e-03
1.587401051968199717e+01 3.108284448742393616e-04 3.178704650308672116e-04 4.193005605410650080e-04 5.207306560512628586e-04 7.931760732862244570e-04
2.000000000000000000e+01 2.426147861344722352e-04 5.177498845189818953e-04 6.359978257961251824e-04 7.542457670732684695e-04 8.494747773756441273e-04
2.519842099789746825e+01 1.289705365176375073e-04 1.737553686175822242e-04 3.174097418971422949e-04 4.610641151767023386e-04 9.612799948409147220e-04
3.174802103936399433e+01 7.704885687707493567e-05 8.042597374256706426e-05 1.208143388893824028e-04 1.612027040361977412e-04 2.934503689514621596e-04
4.000000000000000711e+01 7.539121182310157721e-05 7.178637575412859749e-05 1.123528936274563732e-04 1.529194115007841354e-04 2.998627223588957048e-04
5.039684199579493651e+01 6.180385477238271299e-04 1.008021041894472270e-03 1.187807513301336474e-03 1.367593984708200677e-03 1.589968941721240248e-03
6.349604207872798867e+01 7.428981533352253233e-05 7.298861178445219939e-05 1.291528553226058726e-04 1.853170988607595322e-04 5.361385346743602559e-04
8.000000000000001421e+01 1.174735887175565481e-04 1.045399184305147286e-04 3.282557818797987603e-04 5.519716453290827649e-04 1.352139848949800898e-03
1.007936839915898730e+02 2.992027245298199147e-04 5.198553582596342551e-04 7.142307244089468338e-04 9.086060905582594126e-04 1.197486955697324874e-03
