6.249999999999998890e-01 1.262768508262875793e-04 3.169877644079217459e-04 5.231071481395064985e-04 7.292265318710912511e-04 1.022826936878070032e-03
7.874506561842955499e-01 2.655731194136102527e-04 3.751219483801399523e-04 6.147618590735642570e-04 8.544017697669885076e-04 1.493996508256867622e-03
9.921256574801246009e-01 2.952786365181294921e-04 3.405734263356593691e-04 6.002596129087325698e-04 8.599457994818058247e-04 1.546945051979563973e-03
1.249999999999999778e+00 3.080131263350624135e-04 3.342729109785478464e-04 5.311861806029972988e-04 7.280994502274467511e-04 1.220147417880372218e-03
1.574901312368591100e+00 2.812992672861977777e-04 4.251556460699924041e-04 6.281708624107187368e-04 8.311860787514450694e-04 1.374136108318429941e-03
1.984251314960249202e+00 3.373805262030436748e-04 6.441251141297529067e-04 1.065639077642289252e-03 1.487153041154825597e-03 2.178165486649718489e-03
2.500000000000000000e+00 4.467922033348952003e-04 7.819048827494793491e-04 1.309016003928838460e-03 1.836127125108197571e-03 2.520461610940230579e-03
3.149802624737183088e+00 6.843721495221776656e-04 9.651146804541808379e-04 1.872644026000565331e-03 2.780173371546949823e-03 4.787060449930051649e-03
3.968502629920498848e+00 9.164460316410849485e-04 7.410712878330376167e-04 3.592932064212263615e-03 6.444792840591490046e-03 1.564358399312394329e-02
5.000000000000000000e+00 5.650808735304792101e-04 7.127591625120679140e-04 4.482336431175712281e-03 8.251913699839356214e-03 1.434534940855647540e-02
6.299605249474366175e+00 9.580667967858873084e-04 1.515282878395223052e-03 3.324436064501312769e-03 5.133589250607402052e-03 9.065931180369508555e-03
7.937005259840997695e+00 2.513785492278071756e-03 2.570915316300589892e-03 4.136345702046428409e-03 5.701776087792266925e-03 8.755198203185342309e-03
1.000000000000000000e+01 3.885527649244387149e-03 4.118355735826483704e-03 5.753730140624882701e-03 7.389104545423281697e-03 9.181282124817197188e-03
1.259921049894873235e+01 4.362274444507886415e-03 4.378409884751450695e-03 6.200614596436900862e-03 8.022819308122351029e-03 1.137906204944451501e-02
1.587401051968199717e+01 2.134655642091070043e-03 2.324155229764575913e-03 3.297498760748712992e-03 4.270842291732850071e-03 5.258131254717700147e-03
2.000000000000000000e+01 2.275283560358977442e-03 4.121183592364115710e-03 5.582354737725798294e-03 7.043525883087480878e-03 9.684510614626880981e-03
2.519842099789746825e+01 1.356905359003142799e-03 9.881776188587734940e-04 1.844353484399949804e-03 2.700529349941126114e-03 9.294004080633997550e-03
3.174802103936399433e+01 1.055426292046277069e-03 9.370118142463274447e-04 1.323459091686717383e-03 1.709906369127107322e-03 4.215319986746759312e-03
4.000000000000000711e+01 7.425902690606903979e-04 7.166143592232315307e-04 9.430901421137409665e-04 1.169565925004250294e-03 1.294774520126099364e-03
5.039684199579493651e+01 9.961264191654043820e-04 8.996740879784581157e-04 1.159189126105083980e-03 1.418704164231709844e-03 1.442402726185899788e-03
6.349604207872798867e+01 3.451851567386869397e-04 3.285374685955541260e-04 4.653316464234205229e-04 6.021258242512869197e-04 1.293384514098629406e-03
8.000000000000001421e+01 2.898946623855784208e-04 3.190346219186302509e-04 4.466827416045152685e-04 5.743308612904002861e-04 8.174106346829770409e-04
1.007936839915898730e+02 5.012478921948892779e-04 4.929450101184556111e-04 6.439394907273102977e-04 7.949339713361649844e-04 8.987224313558661928e-04
