6.249999999999998890e-01 1.602897681257291294e-04 3.033896505303008972e-04 5.377830453314763224e-04 7.721764401326517476e-04 9.334897876131134208e-04
7.874506561842955499e-01 1.597604663476654828e-04 3.617600109968854014e-04 5.726221171530012288e-04 7.834842233091170562e-04 9.507595031847557122e-04
9.921256574801246009e-01 2.434334134089392008e-04 4.664893020609769785e-04 6.610035412488571077e-04 8.555177804367372369e-04 1.058909459054714185e-03
1.249999999999999778e+00 3.972795970675124582e-04 7.019519286243927972e-04 9.151214625254395748e-04 1.128290996426486352e-03 1.575100868723732775e-03
1.574901312368591100e+00 7.210368353921588636e-04 1.661229175041657128e-03 2.280819374978163006e-03 2.900409574914668883e-03 4.071477154100703114e-03
1.984251314960249202e+00 8.787728811371652883e-04 2.046625370543260405e-03 2.872200173285256470e-03 3.697774976027252535e-03 5.206532800169532023e-03
2.500000000000000000e+00 5.299065885121404060e-04 1.491642113615978225e-03 2.111139031766906971e-03 2.730635949917835717e-03 4.928947922300992018e-03
3.149802624737183088e+00 1.666575413763002485e-04 3.982571680852924892e-04 5.457814071507376694e-04 6.933056462161828496e-04 1.056865657320035356e-03
3.968502629920498848e+00 1.374731488833636352e-04 2.178247273122595792e-04 4.274492862502734234e-04 6.370738451882872405e-04 2.005397269908832606e-03
5.000000000000000000e+00 2.774106369453056505e-04 3.690050989985384743e-04 5.907239298959695000e-04 8.124427607934005258e-04 1.474364349346637916e-03
6.299605249474366175e+00 4.760610279814310366e-04 6.396587044807609248e-04 1.168737910869024942e-03 1.697817117257288851e-03 3.130117571717393014e-03
7.937005259840997695e+00 2.969431630483304043e-04 3.874175409591142354e-04 9.046719011317756569e-04 1.421926261304437078e-03 3.413836490438125395e-03
1.000000000000000000e+01 3.455126893381579205e-04 6.020500995990443142e-04 9.387514730616742901e-04 1.275452846524304266e-03 1.902656941331789392e-03
1.259921049894873235e+01 4.351117532704699411e-04 6.022141246757378372e-04 9.326482136722528569e-04 1.263082302668767877e-03 2.384757475610941625e-03
1.587401051968199717e+01 3.509856462356468650e-04 4.380835972462578478e-04 5.323667277699388684e-04 6.266498582936198347e-04 9.498785261420021738e-04
2.000000000000000000e+01 4.145488380597352044e-04 7.731250154930111116e-04 1.096720352678771850e-03 1.420315689864532589e-03 1.628000324479207932e-03
2.519842099789746825e+01 3.812315728514077445e-04 5.026781499664725091e-04 1.047950064853361146e-03 1.593221979740249783e-03 3.807864412723451549e-03
3.174802103936399433e+01 9.562791780740015997e-05 1.337119198639451407e-04 1.677198538012197046e-04 2.017277877384942685e-04 2.685883650924955125e-04
4.000000000000000711e+01 1.109435996015855573e-04 1.429435460004936274e-04 1.696735391361760107e-04 1.964035322718583941e-04 2.872927063268012195e-04
5.039684199579493651e+01 3.366359703871349635e-04 4.920514851657375229e-04 5.302926012209815531e-04 5.685337172762255833e-04 6.347631509053607924e-04
6.349604207872798867e+01 8.008861077441674315e-05 1.018661300345079452e-04 1.272439277280898267e-04 1.526217254216717082e-04 2.865518235823822117e-04
8.000000000000001421e+01 1.226251742140357882e-04 1.654607544632789385e-04 2.354672472387259663e-04 3.054737400141729941e-04 5.813445099245094332e-04
1.007936839915898730e+02 3.671521761673592760e-04 6.291095849543994634e-04 8.027540098724447997e-04 9.763984347904901360e-04 1.344471381026064076e-03
