6.249999999999998890e-01 1.639863508054897445e-04 5.046819551542546141e-04 8.910078901687199611e-04 1.277333825183185308e-03 1.847148906099252549e-03
7.874506561842955499e-01 2.053429463159194381e-04 6.110782200590126039e-04 1.034820576585704192e-03 1.458562933112395781e-03 2.421454246025410515e-03
9.921256574801246009e-01 2.679092886793788897e-04 8.187343135045204107e-04 1.519234488363246059e-03 2.219734663221971816e-03 4.697974659782134903e-03
1.249999999999999778e+00 1.065167119283659449e-03 3.015517014483264525e-03 5.629041485930894040e-03 8.242565957378523989e-03 1.858504645523435458e-02
1.574901312368591100e+00 2.159545121241648793e-04 6.562690222823094758e-04 1.340710145044997663e-03 2.025151267807685958e-03 4.897710517735925743e-03
1.984251314960249202e+00 4.596403244382579945e-05 1.012220576055055581e-04 3.308951975887148623e-04 5.605683375719241936e-04 1.306856893474954949e-03
2.500000000000000000e+00 4.574580006025447305e-05 6.546961506329282443e-05 2.937974054384390535e-04 5.221251958135853096e-04 1.089228549652612298e-03
3.149802624737183088e+00 6.905843140429010051e-05 1.148625804249789393e-04 3.683818664324485558e-04 6.219011524399181180e-04 1.241490531305624321e-03
3.968502629920498848e+00 1.589897185731308806e-04 2.216206603433911425e-04 5.904840703437382737e-04 9.593474803440854050e-04 1.792899067793210857e-03
5.000000000000000000e+00 3.225695165238885828e-04 3.589067784795150996e-04 8.883855073182651959e-04 1.417864236157015401e-03 2.931822583183346827e-03
6.299605249474366175e+00 1.608956450658332790e-04 1.992131422873744334e-04 4.693840741016698319e-04 7.395550059159652304e-04 1.721543181078597721e-03
7.937005259840997695e+00 8.861166103413432730e-05 1.128227504243794137e-04 1.946019432291424178e-04 2.763811360339054083e-04 5.663402363445339252e-04
1.000000000000000000e+01 7.003827944307070268e-05 1.262282525705111483e-04 1.875446803082697525e-04 2.488611080460283566e-04 4.363407047596372184e-04
1.259921049894873235e+01 1.153400569422274261e-04 2.917384570644157658e-05 3.961193509160485047e-04 7.630648561256554328e-04 2.718507030500247942e-03
1.587401051968199717e+01 1.556879624111346750e-04 6.245989753790846550e-04 7.091718687489680312e-04 7.937447621188514074e-04 1.878468328825428366e-03
2.000000000000000000e+01 1.507570514920429498e-04 1.718258612512197714e-03 1.913123006145493049e-03 2.107987399778788167e-03 2.489246008652768686e-03
2.519842099789746825e+01 1.598735942924179221e-04 6.085449133344905366e-04 6.748281503136710534e-04 7.411113872928515702e-04 1.113484952165966170e-03
3.174802103936399433e+01 8.346002979972992120e-05 1.917815843237773512e-04 2.401502769476473607e-04 2.885189695715173431e-04 1.452321808833103483e-03
4.000000000000000711e+01 6.590595444787362739e-05 2.301888909016523222e-04 2.823600708288408938e-04 3.345312507560294925e-04 7.529868348702086411e-04
5.039684199579493651e+01 5.593745787279540019e-05 9.889483564545276974e-04 1.097354378778949216e-03 1.205760401103370735e-03 1.414965584207437217e-03
6.349604207872798867e+01 4.254962957828883690e-05 1.565099271380325139e-04 1.752303411148964623e-04 1.939507550917604108e-04 4.819628573597938958e-04
8.000000000000001421e+01 4.518793163801982862e-05 3.696932305959966560e-04 4.074128577573015017e-04 4.451324849186063474e-04 5.199788329089488842e-04
1.007936839915898730e+02 5.246706580852845113e-05 8.034414943299797354e-04 1.007631799836659946e-03 1.211822105343340157e-03 1.404727821149815391e-03
