6.249999999999998890e-01 1.557538281795049122e-04 2.669822630625371123e-04 4.261463758980538088e-04 5.853104887335704512e-04 8.388241892965832410e-04
7.874506561842955499e-01 2.457196038937825111e-04 3.066085878856932945e-04 4.625944472664084085e-04 6.185803066471235769e-04 9.851896260990157615e-04
9.921256574801246009e-01 3.188704975053087204e-04 3.581249129447545455e-04 5.258485544975448692e-04 6.935721960503351928e-04 1.090690975963641346e-03
1.249999999999999778e+00 3.419747454600294691e-04 5.018751689784863024e-04 7.271288122296399453e-04 9.523824554807935883e-04 1.304804530643285075e-03
1.574901312368591100e+00 5.022944052992435199e-04 9.255849771163252634e-04 1.481533655739280739e-03 2.037482334362235997e-03 2.838991379699517398e-03
1.984251314960249202e+00 7.767077089396081518e-04 1.646541425742881768e-03 2.796711816139581166e-03 3.946882206536280781e-03 5.422141243425557602e-03
2.500000000000000000e+00 4.939698265227226862e-04 9.181798955463069036e-04 1.557646340736270783e-03 2.197112785926234879e-03 3.122383290979030210e-03
3.149802624737183088e+00 1.606627048591710311e-04 2.432551973758913483e-04 3.753705761551075974e-04 5.074859549343239008e-04 6.977114805600396260e-04
3.968502629920498848e+00 1.734237455353403005e-04 1.989305951665725413e-04 4.218777652404250358e-04 6.448249353142775303e-04 1.438028280454079497e-03
5.000000000000000000e+00 2.219321943223189126e-04 2.373939153755639988e-04 7.448001901388437949e-04 1.252206464902123591e-03 2.459787799214633447e-03
6.299605249474366175e+00 3.517951577895681026e-04 3.079491372128301437e-04 8.137005042277617494e-04 1.319451871242693355e-03 2.599117938905495633e-03
7.937005259840997695e+00 4.074215551632258164e-04 3.758214982273574609e-04 7.358265445274429642e-04 1.095831590827528413e-03 2.113071032299887811e-03
1.000000000000000000e+01 4.943324194551243847e-04 5.084342456708904143e-04 7.563460725145734189e-04 1.004257899358256424e-03 1.532181958315229986e-03
1.259921049894873235e+01 4.757105380077463288e-04 4.176282685381181949e-04 7.340528972006873454e-04 1.050477525863256550e-03 2.038128888527331734e-03
1.587401051968199717e+01 2.931577690823562298e-04 3.240912088303198827e-04 4.349714011841748361e-04 5.458515935380297895e-04 7.523217573426454335e-04
2.000000000000000000e+01 4.990981147443178997e-04 6.466254812302885385e-04 9.053731086580042589e-04 1.164120736085719979e-03 1.445259141768348750e-03
2.519842099789746825e+01 3.090211946033031795e-04 3.099351674494140417e-04 4.585335056584064861e-04 6.071318438673989305e-04 1.062385589794325250e-03
3.174802103936399433e+01 1.737992707168029862e-04 1.735045215187082076e-04 2.348124495023113907e-04 2.961203774859145739e-04 4.007662044324632991e-04
4.000000000000000711e+01 7.747706477905597024e-05 8.164754520558301792e-05 1.094568446954359564e-04 1.372661441852889084e-04 1.516104188353602407e-04
5.039684199579493651e+01 1.357837679626414204e-04 1.271811069337082270e-04 1.644600524298048087e-04 2.017389979259013905e-04 2.035663755294375927e-04
6.349604207872798867e+01 7.377761903391530948e-05 8.126717944753961143e-05 1.154666424479772045e-04 1.496661054484147975e-04 2.497527860787054953e-04
8.000000000000001421e+01 1.313943068297357278e-04 1.405679554487345318e-04 1.917516148992045937e-04 2.429352743496746556e-04 2.792971341353596318e-04
1.007936839915898730e+02 2.798329703058835874e-04 3.031383648638311481e-04 4.291342976935169878e-04 5.551302305232027733e-04 7.262199648840364464e-04
