6.249999999999998890e-01 1.177953023014678517e-03 1.203638395306184635e-03 1.209400811633625341e-03 1.061776876255511029e-03 1.125262901166665516e-03 9.901334964676716897e-04 1.055913473328951892e-03 1.027511676708983386e-03 9.510968522830403823e-04 9.438520332736565236e-04 9.584180316184356778e-04
7.874506561842955499e-01 1.451955116136947497e-03 1.458461960977700932e-03 1.320844888240914252e-03 1.225453904732536764e-03 1.254209504616354181e-03 1.246958912990925100e-03 1.189793577567982126e-03 1.213226622373555661e-03 1.180542900814368331e-03 1.152270240229741208e-03 1.064224649393340867e-03
9.921256574801246009e-01 1.490736558337342173e-03 1.547942656992145217e-03 1.537280686745433984e-03 1.360664497160874679e-03 1.368032513211992146e-03 1.353862060425735326e-03 1.376826924684805987e-03 1.396460942148569856e-03 1.266976482034403448e-03 1.220257836906178889e-03 1.206812318623529286e-03
1.249999999999999778e+00 1.770501754287743222e-03 2.117690017226869434e-03 2.290111497190002766e-03 1.591107392787217707e-03 1.710183184410877513e-03 1.977254436480965858e-03 2.126309697833415890e-03 1.849658608303755792e-03 1.575098061370166364e-03 1.555997781783554279e-03 1.355607325193282668e-03
1.574901312368591100e+00 5.340532530413035807e-03 7.104138754563071173e-03 7.252692455869345564e-03 4.739095768045703885e-03 5.315087913972782463e-03 7.118364946462014085e-03 7.874072606426391063e-03 7.161393065980552891e-03 5.089328493762776927e-03 5.122318429611624757e-03 4.316629004172267345e-03
1.984251314960249202e+00 3.673035823526570563e-03 4.947004943703141311e-03 4.872923604171041680e-03 3.332265189193438747e-03 3.445890222685263522e-03 4.862811031279537857e-03 5.407309536302802415e-03 5.284553556994205092e-03 3.902113474979372696e-03 3.240299223320804427e-03 2.851626027784669431e-03
2.500000000000000000e+00 1.236981078918095210e-03 1.447948646310789076e-03 1.661848017443468386e-03 1.287644708041950272e-03 1.080062611569154165e-03 1.798676992676004251e-03 1.680177871540884313e-03 1.674213823118641739e-03 1.408547595052733444e-03 1.005942465681447301e-03 7.017774131146488261e-04
3.149802624737183088e+00 4.937091014540052978e-04 8.436317387028341051e-04 7.932804840565680976e-04 4.207398806694093575e-04 5.528425659599081740e-04 9.428494309093254184e-04 9.012633311931095249e-04 7.475695338949961497e-04 4.873043988094754968e-04 5.084918971671092882e-04 3.853051817476569750e-04
3.968502629920498848e+00 6.212701984163082787e-04 1.377146760893498481e-03 1.259904048293179627e-03 5.278013306429951311e-04 8.751514996766096696e-04 1.414938924930878982e-03 1.430779566526989895e-03 1.531095091867195604e-03 6.621620184687042072e-04 7.223757916611137607e-04 4.641823495393639738e-04
5.000000000000000000e+00 1.079900657636578181e-03 4.311973583386955258e-03 3.531472509362186454e-03 9.980292727558130478e-04 2.143689812405484736e-03 3.695416244233684904e-03 4.291773964627910998e-03 3.618400830672992112e-03 1.249013054491829875e-03 1.822867964556589915e-03 1.065615325714358488e-03
6.299605249474366175e+00 1.175875647664337796e-03 4.180181480960237610e-03 3.150556836437472773e-03 1.159059760148410190e-03 2.031973166598848718e-03 3.307791047800788965e-03 3.328576360306961107e-03 2.911865672603478582e-03 1.222919181481458163e-03 1.645788456184242099e-03 1.061390377739170185e-03
7.937005259840997695e+00 8.053712552831834110e-04 2.560501387006110935e-03 2.734136897382128534e-03 8.389284263951972149e-04 1.899253124731997569e-03 3.044423131233534117e-03 2.710694639729326408e-03 2.088582629308043462e-03 9.452784262368970399e-04 1.512018104946536877e-03 7.375105258054335134e-04
1.000000000000000000e+01 6.320522228778997558e-04 1.365722570002636657e-03 1.325072300616184562e-03 6.548855564278958539e-04 9.815613405655357771e-04 1.297485010351468295e-03 1.376437706913102594e-03 1.016932342293605908e-03 6.698222869440653357e-04 8.315713119356398864e-04 5.841950547464762594e-04
1.259921049894873235e+01 6.545652522147398346e-04 1.355116708820238575e-03 1.460725017490305169e-03 7.213427595265500857e-04 1.291813895920361282e-03 1.622631337253165095e-03 1.431881583004096688e-03 1.087530904385140091e-03 7.204755035804702272e-04 8.981127923056110487e-04 6.284127415055494126e-04
1.587401051968199717e+01 5.797720374609132690e-04 7.571254542038242767e-04 6.764824155885677424e-04 5.590183674832078110e-04 6.045560838450314122e-04 6.384167368822148006e-04 6.643142985342015330e-04 5.968583670730169717e-04 5.232746326165517046e-04 5.465002536902313678e-04 5.499189443139456583e-04
2.000000000000000000e+01 9.031978128382639340e-04 9.330059453572540559e-04 9.271535455297832441e-04 9.011865162231597060e-04 9.264769014487209782e-04 8.861459327730665438e-04 8.970964553771934233e-04 8.976432137576083456e-04 8.774941239128946323e-04 9.057255570581387860e-04 8.819446877617619952e-04
2.519842099789746825e+01 3.799540535489650140e-04 3.852727620095734761e-04 4.002223681854286423e-04 3.862385776296766858e-04 4.077147874054274745e-04 3.766476722533786429e-04 3.774442002082826781e-04 3.640640493739240465e-04 3.537771045002410862e-04 3.616772982968950246e-04 3.565465444699829453e-04
3.174802103936399433e+01 3.192945030470504359e-04 3.055560332211996761e-04 3.442135171342170191e-04 2.969421717699869236e-04 3.245760404217432949e-04 2.764703794167352948e-04 2.613229171514674324e-04 2.705010479239477734e-04 2.668659741056289775e-04 2.763457029011272747e-04 2.732059568352264455e-04
4.000000000000000711e+01 2.343227324402698090e-04 2.365855896160164239e-04 2.787777891835175985e-04 2.440087099143389967e-04 2.452000409094149042e-04 2.264073468538613362e-04 2.043851596221224205e-04 2.169350276478160798e-04 2.066230693742902380e-04 2.123795283118377799e-04 2.052910093267801760e-04
5.039684199579493651e+01 5.322426346318724893e-04 5.733722695343948560e-04 5.656275526700817614e-04 5.062396929875231759e-04 4.629168851866477877e-04 4.358502474433141529e-04 5.242819219951199306e-04 5.617368471394903551e-04 5.097671566513396323e-04 4.953406151893924129e-04 4.492995955146406473e-04
6.349604207872798867e+01 3.215195248797877276e-04 2.660443740366808083e-04 3.115238144118008209e-04 2.646919369138694619e-04 2.833967287929872714e-04 2.898681363320188996e-04 2.216854473935763717e-04 2.190392910857255659e-04 2.197178562301122808e-04 2.233026835292031386e-04 2.397339135370929540e-04
8.000000000000001421e+01 5.866695710127986258e-04 4.868899681132569934e-04 4.921572439556751166e-04 4.221305732287133016e-04 4.269780300767972848e-04 4.069241229212248708e-04 4.026162026848474304e-04 3.780388185722426239e-04 3.734291739406359750e-04 3.533201550091096183e-04 3.717086616589017670e-04
1.007936839915898730e+02 4.268241144322482009e-04 4.473487678352524926e-04 5.109189515568099806e-04 5.964770802602770367e-04 6.419116855052350423e-04 5.618888940333038482e-04 6.123820944432571082e-04 6.238652451973087775e-04 5.550138946115081712e-04 5.968081366880466192e-04 7.436292157203311295e-04
